0   17   18
0   2   3   4   6   65535   65535   65535   65535   65535   65535   65535   65535   65535   65535   65535   65535   65535
0   0   6   0   0   7   65535   65535   65535   65535   65535   65535   65535   65535   65535   65535   65535   65535
0   0   0   0   0   14  3   65535   65535   65535   65535   65535   65535   65535   65535   65535   65535   65535
0   0   12  0   0   0   9   5   8   65535   65535   65535   65535   65535   65535   65535   65535   65535
0   0   0   10  0   0   0   0   11  65535   65535   65535   65535   65535   65535   65535   65535   65535
0   0   0   0   0   0   0   0   0   16  18  65535   65535   65535   65535   65535   65535   65535
0   0   0   0   0   13  0   0   0   0   14  65535   65535   65535   65535   65535   65535   65535
0   0   0   0   0   0   9   0   12  0   20  17  65535   65535   65535   65535   65535   65535
0   0   0   0   0   0   0   0   0   0   0   0   13  65535   65535   65535   65535   65535
0   0   0   0   0   0   0   0   0   0   12  0   0   12  65535   65535   65535   65535
0   0   0   0   0   0   0   0   0   0   0   10  0   18  13  65535   65535   65535
0   0   0   0   0   0   0   0   0   0   0   0   0   0   7   9   65535   65535
0   0   0   0   0   0   0   0   0   0   0   15  0   0   0   11  15  65535 
0   0   0   0   0   0   0   0   0   0   0   0   0   0   10  0   0   17
0   0   0   0   0   0   0   0   0   0   0   0   0   0   0   8   0   16
0   0   0   0   0   0   0   0   0   0   0   0   0   0   0   0   0   20
0   0   0   0   0   0   0   0   0   0   0   0   0   0   0   6   0   18
0   0   0   0   0   0   0   0   0   0   0   0   0   0   0   0   0   0